% Corrected Flux for 11996
nfaces = 10;
nverts = 7;
vert_on_face(1:3, 1, 1) = [ 0.34375, 0.03125, -0.015625];
vert_on_face(1:3, 2, 1) = [ 0.34375, 0, -0.015625];
vert_on_face(1:3, 3, 1) = [ 0.3125, 0, -0.015625];
nvert_for_face(1) = 3; 
vert_on_face(1:3, 1, 2) = [ 0.333532, -0.000183712, -0.015625];
vert_on_face(1:3, 2, 2) = [ 0.343622, -0.0109276, -0.015625];
vert_on_face(1:3, 3, 2) = [ 0.344603, 0.0203224, -0.015625];
nvert_for_face(2) = 3; 
vert_on_face(1:3, 1, 3) = [ 0.333532, -0.000183712, -0.015625];
vert_on_face(1:3, 2, 3) = [ 0.344603, 0.0203224, -0.015625];
vert_on_face(1:3, 3, 3) = [ 0.312372, -0.00994588, -0.015625];
nvert_for_face(3) = 3; 
vert_on_face(1:3, 1, 4) = [ 0.333532, -0.000183712, -0.015625];
vert_on_face(1:3, 2, 4) = [ 0.312372, -0.00994588, -0.015625];
vert_on_face(1:3, 3, 4) = [ 0.343622, -0.0109276, -0.015625];
nvert_for_face(4) = 3; 
vert_on_face(1:3, 1, 5) = [ 0.34375, 0.03125, -0.015625];
vert_on_face(1:3, 2, 5) = [ 0.343622, -0.0109276, -0.015625];
vert_on_face(1:3, 3, 5) = [ 0.34375, 0, -0.015625];
nvert_for_face(5) = 3; 
vert_on_face(1:3, 1, 6) = [ 0.34375, 0.03125, -0.015625];
vert_on_face(1:3, 2, 6) = [ 0.344603, 0.0203224, -0.015625];
vert_on_face(1:3, 3, 6) = [ 0.343622, -0.0109276, -0.015625];
nvert_for_face(6) = 3; 
vert_on_face(1:3, 1, 7) = [ 0.34375, 0, -0.015625];
vert_on_face(1:3, 2, 7) = [ 0.343622, -0.0109276, -0.015625];
vert_on_face(1:3, 3, 7) = [ 0.312372, -0.00994588, -0.015625];
nvert_for_face(7) = 3; 
vert_on_face(1:3, 1, 8) = [ 0.34375, 0, -0.015625];
vert_on_face(1:3, 2, 8) = [ 0.312372, -0.00994588, -0.015625];
vert_on_face(1:3, 3, 8) = [ 0.3125, 0, -0.015625];
nvert_for_face(8) = 3; 
vert_on_face(1:3, 1, 9) = [ 0.3125, 0, -0.015625];
vert_on_face(1:3, 2, 9) = [ 0.312372, -0.00994588, -0.015625];
vert_on_face(1:3, 3, 9) = [ 0.34375, 0.03125, -0.015625];
nvert_for_face(9) = 3; 
vert_on_face(1:3, 1, 10) = [ 0.312372, -0.00994588, -0.015625];
vert_on_face(1:3, 2, 10) = [ 0.344603, 0.0203224, -0.015625];
vert_on_face(1:3, 3, 10) = [ 0.34375, 0.03125, -0.015625];
nvert_for_face(10) = 3; 
