% Phase 0 for face 7178
nfaces = 6;
nverts = 8;
vert_on_face(1:3, 1, 1) = [ 0, 10, 0.354036227642875];
vert_on_face(1:3, 2, 1) = [ 0, 10, 0.354036227642875];
vert_on_face(1:3, 3, 1) = [ 0, 10, 0.5];
vert_on_face(1:3, 4, 1) = [ 0, 10, 0.5];
nvert_for_face(1) = 4; 
vert_on_face(1:3, 1, 2) = [ 0, 10, 0.354036227642875];
vert_on_face(1:3, 2, 2) = [ -2.4867959683112e-16, 10, 0.354036227642875];
vert_on_face(1:3, 3, 2) = [ -2.91181555046524e-16, 10, 0.5];
vert_on_face(1:3, 4, 2) = [ -2.91181555046524e-16, 10, 0.5];
vert_on_face(1:3, 5, 2) = [ 0, 10, 0.5];
nvert_for_face(2) = 5; 
vert_on_face(1:3, 1, 3) = [ -2.91181555046524e-16, 10, 0.5];
vert_on_face(1:3, 2, 3) = [ 0, 10, 0.5];
vert_on_face(1:3, 3, 3) = [ 0, 10, 0.5];
vert_on_face(1:3, 4, 3) = [ -2.91181555046524e-16, 10, 0.5];
nvert_for_face(3) = 4; 
vert_on_face(1:3, 1, 4) = [ -2.91181555046524e-16, 10, 0.5];
vert_on_face(1:3, 2, 4) = [ -2.91181555046524e-16, 10, 0.5];
vert_on_face(1:3, 3, 4) = [ -2.91181555046524e-16, 10, 0.5];
nvert_for_face(4) = 3; 
vert_on_face(1:3, 1, 5) = [ -2.4867959683112e-16, 10, 0.354036227642875];
vert_on_face(1:3, 2, 5) = [ 0, 10, 0.354036227642875];
vert_on_face(1:3, 3, 5) = [ 0, 10, 0.5];
vert_on_face(1:3, 4, 5) = [ -2.91181555046524e-16, 10, 0.5];
vert_on_face(1:3, 5, 5) = [ -2.91181555046524e-16, 10, 0.5];
nvert_for_face(5) = 5; 
vert_on_face(1:3, 1, 6) = [ 0, 10, 0.354036227642875];
vert_on_face(1:3, 2, 6) = [ -2.4867959683112e-16, 10, 0.354036227642875];
vert_on_face(1:3, 3, 6) = [ 0, 10, 0.354036227642875];
nvert_for_face(6) = 3; 